exp1:
  ATE: 0.1232208014165951
  batch_size: 32
  epochs: 3
  model_name: timm/eva02_tiny_patch14_224.mim_in22k
exp2:
  ATE: 0.1951930833854236
  batch_size: 32
  epochs: 3
  model_name: timm/efficientvit_m2.r224_in1k
exp3:
  ATE: 0.07620189250525781
  batch_size: 32
  epochs: 3
  model_name: timm/vit_base_patch32_clip_224.laion2b_ft_in12k_in1k
